Frequency:,38000
Type:raw

#Rojo
data: 1400,1400,700,700,700,1400,700,2800,700,2100,1400,700,700,700,700,1400,1400,2800,1400,2800,700


Color:GRN
data: 1400,1400,700,700,700,700,1400,2800,700,1400,700,1400,700,1400,700,1400,1400,2800,1400,2800,700


Color:BLUE
data: 700,700,700,2100,1400,700,700,2800,700,1400,700,700,700,1400,1400,700,700,1400,700,700,700,700,700,700,700,2100,700


Color:MAG
data: 700,700,700,700,1400,1400,1400,2800,700,2100,1400,2100,700,700,700,700,1400,2100,700,700,700,2100,700


Color:YEL
data: 1400,1400,700,700,700,700,1400,2800,700,2100,700,700,700,1400,700,1400,1400,2800,1400,2800,700

Color:PINK
data: 700,700,700,2100,1400,700,700,2800,700,1400,700,700,700,2800,1400,1400,700,2100,700,700,700,2100,700


Color:OR
data: 700,700,700,700,1400,1400,1400,2800,700,2100,700,700,700,1400,700,700,700,1400,700,2100,1400,2800,700


Color:REDOR
data: 700,700,700,700,1400,1400,1400,2800,700,2800,1400,1400,700,700,700,1400,700,2100,1400,2800,700


Color:YELOR_1
data: 700,700,700,700,1400,1400,1400,2800,700,1400,700,700,700,2100,700,700,700,700,1400,2100,1400,2800,700


Color:WHITISH
data: 700,700,700,2100,1400,700,700,2800,700,1400,700,700,700,2800,1400,1400,700,2100,700,1400,700,1400,700


Color:TURQ
data: 700,700,700,700,1400,1400,1400,2800,700,1400,700,700,1400,1400,700,1400,1400,2800,700,700,700,2100,700
